8.660254037842051167e-01
1.000000000000000000e+00
1.414213562373271893e+00
1.658312395177811149e+00
1.732050807568410233e+00
2.000000000000000000e+00
2.179449471769562940e+00
2.236067977500404869e+00
2.449489742783649060e+00
2.598076211353886222e+00
2.828427124746543786e+00
2.958039891549590905e+00
3.000000000000000000e+00
3.162277660167516657e+00
3.278719262152216540e+00
3.316624790355622299e+00
3.464101615136820467e+00
3.570714214271025533e+00
3.605551275462984595e+00
3.741657386774020821e+00
3.840572873932730058e+00
4.000000000000000000e+00
4.092676385937356720e+00
4.123105625616462433e+00
4.242640687118267806e+00
4.330127018920688187e+00
4.358898943539125881e+00
4.472135955000809737e+00
4.555216789572188674e+00
4.582575694955383305e+00
4.690415759823421737e+00
4.769696007084752054e+00
4.898979485567298120e+00
4.974937185533270245e+00
5.000000000000000000e+00
5.099019513592047304e+00
5.172040216393058110e+00
5.196152422707772445e+00
5.361902647380722087e+00
5.385164807133812737e+00
5.477225575052507622e+00
5.545268253204977960e+00
5.656854249493087572e+00
5.722761571130583036e+00
5.744562646538073913e+00
5.830951894846718275e+00
5.894913061274818844e+00
5.916079783099181810e+00
6.000000000000000000e+00
6.062177826490442456e+00
6.082762530296625059e+00
6.164414002967817829e+00
6.224949798996648020e+00
6.324555320335033315e+00
6.383572667400821743e+00
6.403124237433071464e+00
6.480740698407182698e+00
6.538348415312600359e+00
6.557438524304433081e+00
6.633249580711244597e+00
6.689544080130659154e+00
6.708203932499893440e+00
6.782329983124895101e+00
6.837397165586240000e+00
6.928203230273640933e+00
6.982120021885840799e+00
7.000000000000000000e+00
7.071067811863875008e+00
7.123903424388566386e+00
7.141428428542051066e+00
7.211102550925969190e+00
7.262919523168021918e+00
7.280109889281256130e+00
7.348469228351770965e+00
7.399324293477205217e+00
7.483314773548041643e+00
7.533259586660899565e+00
7.549834435268241606e+00
7.615773105863084425e+00
7.664854858376444646e+00
7.681145747865460116e+00
7.794228634057981608e+00
7.810249675908516487e+00
7.874007874009326891e+00
7.921489758879618037e+00
8.000000000000000000e+00
8.046738469714096453e+00
8.062257748300170945e+00
8.124038404638660893e+00
8.170067319181715249e+00
8.185352771874713440e+00
8.246211251232924866e+00
8.291561975886899916e+00
8.306623862921547641e+00
8.366600265337410747e+00
8.411301920627886730e+00
8.485281374236535612e+00
8.529361054618565419e+00
8.544003745319274756e+00
8.602325267042077783e+00
8.645808232892775891e+00
8.660254037841376373e+00
8.717797887078251762e+00
8.760707733967036503e+00
8.774964387393479726e+00
8.831760866331325843e+00
8.874119674651531398e+00
8.944271910001619474e+00
8.986100377805986028e+00
9.000000000000000000e+00
9.055385138140168877e+00
9.096702699329613395e+00
9.110433579144377347e+00
9.165151389910766611e+00
9.205976319761237647e+00
9.219544457291060979e+00
9.273618495498444858e+00
9.313968005096162628e+00
9.380831519646843475e+00
9.420721840707935613e+00
9.433981132054084284e+00
9.486832980503688617e+00
9.526279441631428924e+00
9.539392014169504108e+00
9.630680142128229093e+00
9.643650760991183901e+00
9.695359714833410081e+00
9.733961166962503242e+00
9.797958971134596240e+00
9.836157786455446583e+00
9.848857801795714906e+00
9.899494936612022400e+00
9.937303457176300370e+00
9.949874371066540490e+00
1.000000000000000000e+01
1.003742994994035165e+01
1.004987562112133048e+01
1.009950493836074870e+01
