1.200000000000000000e+01
6.000000000000000000e+00
2.400000000000000000e+01
1.200000000000000000e+01
2.400000000000000000e+01
8.000000000000000000e+00
4.800000000000000000e+01
6.000000000000000000e+00
3.600000000000000000e+01
2.400000000000000000e+01
2.400000000000000000e+01
2.400000000000000000e+01
7.200000000000000000e+01
4.800000000000000000e+01
1.200000000000000000e+01
4.800000000000000000e+01
3.000000000000000000e+01
7.200000000000000000e+01
2.400000000000000000e+01
4.800000000000000000e+01
2.400000000000000000e+01
4.800000000000000000e+01
8.000000000000000000e+00
8.400000000000000000e+01
2.400000000000000000e+01
9.600000000000000000e+01
4.800000000000000000e+01
2.400000000000000000e+01
9.600000000000000000e+01
6.000000000000000000e+00
9.600000000000000000e+01
4.800000000000000000e+01
4.800000000000000000e+01
3.600000000000000000e+01
1.200000000000000000e+02
2.400000000000000000e+01
4.800000000000000000e+01
2.400000000000000000e+01
4.800000000000000000e+01
4.800000000000000000e+01
1.200000000000000000e+02
2.400000000000000000e+01
1.200000000000000000e+02
9.600000000000000000e+01
2.400000000000000000e+01
1.080000000000000000e+02
3.000000000000000000e+01
4.800000000000000000e+01
7.200000000000000000e+01
7.200000000000000000e+01
3.200000000000000000e+01
1.440000000000000000e+02
9.600000000000000000e+01
7.200000000000000000e+01
7.200000000000000000e+01
4.800000000000000000e+01
1.200000000000000000e+02
1.440000000000000000e+02
1.200000000000000000e+01
4.800000000000000000e+01
4.800000000000000000e+01
1.680000000000000000e+02
4.800000000000000000e+01
9.600000000000000000e+01
4.800000000000000000e+01
4.800000000000000000e+01
3.000000000000000000e+01
1.920000000000000000e+02
2.400000000000000000e+01
1.200000000000000000e+02
7.200000000000000000e+01
9.600000000000000000e+01
9.600000000000000000e+01
2.400000000000000000e+01
1.080000000000000000e+02
9.600000000000000000e+01
1.200000000000000000e+02
4.800000000000000000e+01
1.440000000000000000e+02
2.400000000000000000e+01
1.440000000000000000e+02
2.400000000000000000e+01
9.600000000000000000e+01
7.200000000000000000e+01
1.440000000000000000e+02
4.800000000000000000e+01
1.440000000000000000e+02
4.800000000000000000e+01
8.000000000000000000e+00
2.400000000000000000e+02
5.400000000000000000e+01
1.200000000000000000e+02
8.400000000000000000e+01
7.200000000000000000e+01
4.800000000000000000e+01
2.400000000000000000e+02
2.400000000000000000e+01
9.600000000000000000e+01
7.200000000000000000e+01
7.200000000000000000e+01
9.600000000000000000e+01
1.200000000000000000e+02
1.440000000000000000e+02
4.800000000000000000e+01
9.600000000000000000e+01
4.800000000000000000e+01
2.400000000000000000e+02
2.400000000000000000e+01
2.160000000000000000e+02
7.200000000000000000e+01
9.600000000000000000e+01
1.320000000000000000e+02
7.200000000000000000e+01
1.440000000000000000e+02
9.600000000000000000e+01
1.440000000000000000e+02
1.920000000000000000e+02
6.000000000000000000e+00
9.600000000000000000e+01
9.600000000000000000e+01
7.200000000000000000e+01
9.600000000000000000e+01
2.400000000000000000e+02
2.400000000000000000e+01
1.920000000000000000e+02
4.800000000000000000e+01
1.440000000000000000e+02
9.600000000000000000e+01
1.680000000000000000e+02
4.800000000000000000e+01
9.600000000000000000e+01
1.440000000000000000e+02
3.600000000000000000e+01
2.400000000000000000e+02
4.800000000000000000e+01
1.680000000000000000e+02
1.200000000000000000e+02
7.200000000000000000e+01
5.600000000000000000e+01
1.440000000000000000e+02
2.400000000000000000e+01
2.400000000000000000e+02
9.600000000000000000e+01
9.600000000000000000e+01
4.800000000000000000e+01
3.120000000000000000e+02
1.440000000000000000e+02
2.400000000000000000e+01
9.600000000000000000e+01
1.020000000000000000e+02
2.640000000000000000e+02
4.800000000000000000e+01
9.600000000000000000e+01
7.200000000000000000e+01
1.440000000000000000e+02
4.800000000000000000e+01
1.800000000000000000e+02
4.800000000000000000e+01
2.160000000000000000e+02
1.200000000000000000e+02
1.200000000000000000e+02
2.400000000000000000e+02
2.400000000000000000e+01
1.920000000000000000e+02
1.440000000000000000e+02
7.200000000000000000e+01
1.200000000000000000e+02
2.160000000000000000e+02
4.800000000000000000e+01
1.440000000000000000e+02
1.440000000000000000e+02
4.800000000000000000e+01
3.360000000000000000e+02
9.600000000000000000e+01
1.920000000000000000e+02
9.600000000000000000e+01
2.400000000000000000e+01
2.400000000000000000e+02
4.800000000000000000e+01
1.920000000000000000e+02
1.080000000000000000e+02
1.200000000000000000e+02
7.200000000000000000e+01
2.400000000000000000e+02
3.000000000000000000e+01
1.920000000000000000e+02
1.680000000000000000e+02
1.920000000000000000e+02
4.800000000000000000e+01
