7.071067811861495578e-01
1.000000000000000000e+00
1.224744871391986401e+00
1.414213562372299116e+00
1.581138830084479530e+00
1.732050807569770923e+00
1.870828693385364172e+00
2.000000000000000000e+00
2.121320343560476829e+00
2.236067977500741932e+00
2.345207879911347604e+00
2.449489742783972801e+00
2.549509756795688808e+00
2.738612787525710246e+00
2.828427124744598231e+00
2.915475947422452307e+00
3.000000000000000000e+00
3.082207001483837860e+00
3.162277660168959059e+00
3.240370349202715605e+00
3.316624790356465624e+00
3.391164991564505460e+00
3.464101615139541845e+00
3.535533905931726562e+00
3.605551275465154859e+00
3.674234614172914526e+00
3.741657386770728344e+00
3.807886552934858670e+00
3.937003937007919063e+00
4.000000000000000000e+00
4.062019202319559597e+00
4.123105625619217562e+00
4.183300132671073257e+00
4.242640687120953658e+00
4.301162633521027345e+00
4.358898943539189830e+00
4.415880433166496921e+00
4.472135955001483865e+00
4.527692569070290496e+00
4.582575694952142342e+00
4.636809247749424046e+00
4.690415759822695208e+00
4.743416490253681950e+00
4.847679857416610893e+00
4.898979485567945602e+00
4.949747468306121334e+00
5.000000000000000000e+00
5.049752469177470005e+00
5.099019513591377617e+00
5.147815070493382272e+00
5.196152422704860108e+00
5.244044240852972827e+00
5.338539126011738745e+00
5.385164807134692033e+00
5.431390245599347466e+00
5.477225575051420492e+00
5.522680508592650028e+00
5.612486080158746837e+00
5.656854249489196462e+00
5.700877125493382103e+00
5.744562646540302353e+00
5.787918451395393404e+00
5.830951894844904615e+00
5.873670062233081524e+00
5.916079783103628031e+00
5.958187643904718556e+00
6.000000000000000000e+00
6.041522986799300554e+00
6.082762530298966297e+00
6.123724356961096404e+00
6.164414002967675721e+00
6.204836822995206447e+00
6.284902544985115469e+00
6.324555320337918118e+00
6.363961030677966590e+00
6.403124237433073240e+00
6.442049363365517145e+00
6.480740698405431210e+00
6.519202405206336870e+00
6.557438524301236527e+00
6.595452979140225658e+00
6.633249580712931248e+00
6.670832032067334438e+00
6.708203932501565880e+00
6.745368781615980858e+00
6.782329983129010920e+00
6.819090848495839019e+00
6.892024376049208811e+00
6.928203230279083691e+00
6.964194138592548988e+00
7.000000000000000000e+00
7.035623639734703616e+00
7.071067811863453123e+00
7.106335201773050336e+00
7.141428428548223906e+00
7.176350047201178306e+00
7.211102550930309718e+00
7.245688373098787771e+00
7.280109889281351165e+00
7.314369419159701735e+00
7.348469228345829052e+00
7.382411530118805132e+00
7.449832212877984361e+00
7.483314773541456688e+00
7.516648189187853824e+00
7.549834435274407340e+00
7.582875444053129854e+00
7.615773105869717341e+00
7.648529270394252677e+00
7.681145747863526552e+00
7.713624310272164664e+00
7.778174593054698605e+00
7.810249675908902844e+00
7.842193570680803028e+00
7.874007874015838127e+00
7.905694150423647315e+00
7.968688725259176486e+00
8.000000000000000000e+00
8.031189202099945135e+00
8.062257748300538651e+00
8.093207028114209223e+00
8.124038404639119193e+00
8.154753215146778089e+00
8.185352771868917188e+00
8.215838362579118481e+00
8.246211251238435125e+00
8.276472678618828738e+00
8.306623862916566736e+00
8.336666000271820920e+00
8.366600265342146514e+00
8.396427811878375280e+00
8.455767262641963100e+00
8.485281374241907315e+00
8.514693182957950413e+00
8.544003745313709430e+00
8.573214099742383354e+00
8.602325267042054691e+00
8.631338250818139102e+00
8.660254037844964614e+00
8.689073598484762684e+00
8.717797887078379659e+00
8.746427842268163388e+00
8.774964387390213005e+00
8.803408430830939935e+00
8.831760866332993842e+00
8.860022573329832341e+00
8.916277250063890492e+00
8.944271910002967729e+00
8.972179222465719306e+00
9.000000000000000000e+00
9.027735042638420637e+00
9.055385138140580992e+00
9.082951062295709477e+00
9.110433579137936277e+00
9.137833441253185640e+00
9.165151389904284684e+00
9.192388155432924535e+00
9.219544457292686346e+00
9.246621004454926407e+00
9.273618495498848091e+00
9.300537618866977496e+00
9.354143466936378104e+00
9.380831519645390415e+00
9.407443861121494777e+00
9.433981132053695262e+00
9.460443964209053647e+00
9.486832980507363899e+00
9.513148795225369270e+00
9.539392014170447354e+00
9.565563234851074625e+00
9.617692030843674189e+00
9.643650760990876591e+00
9.669539802905783077e+00
9.695359714833221787e+00
9.721111047606978417e+00
9.772410142841913228e+00
9.797958971135891204e+00
9.823441352194182130e+00
9.848857801795716682e+00
9.874208829070012072e+00
9.899494936612242668e+00
9.924716620643240006e+00
9.949874371061957490e+00
9.974968671625502381e+00
1.000000000000000000e+01
1.002496882788105914e+01
1.004987562112074784e+01
1.007472083979992306e+01
1.009950493835494001e+01
